 0.000000000000000e+00  0.000000000000000e+00  1.600000000000000e+01  6.603445506859957e-04 -0.000000000000000e+00 -0.000000000000000e+00 -9.636388909051163e-16  0.000000000000000e+00  0.000000000000000e+00 -8.278039712039664e-13  0.000000000000000e+00  0.000000000000000e+00  0.000000000000000e+00  0.000000000000000e+00
 1.000000000000000e-02  9.999966521009262e-05  1.537568550263304e+01  6.602364849500108e-04  1.398093930543901e-09 -3.976559587084288e-08  1.063334836848284e-11 -2.098079061618679e-09 -2.033831300001589e-07 -9.410881531373095e-09  1.199280920268575e+01 -7.450580596923828e-09 -1.490116119384766e-08  1.198662542551756e+01
 2.000000000000000e-02  3.999993300790556e-04  1.478152680124080e+01  6.599123521577968e-04 -1.343257807786516e-09 -6.829658691885621e-11 -3.463375419787695e-13  7.330759115456054e-09 -6.651751776937099e-09  2.486372924547913e-10  1.197123824532537e+01  0.000000000000000e+00 -3.259629011154175e-09  1.197085637669079e+01
 3.000000000000000e-02  8.999989945241253e-04  1.421579274805383e+01  6.593723467545091e-04  1.900624702381396e-10 -6.736837489772218e-10  1.741315425185519e-14 -1.829198338755906e-09  1.534787204538489e-09 -2.162985412859991e-11  1.193535487107238e+01  0.000000000000000e+00 -2.764863893389702e-09  1.193528044689447e+01
 4.000000000000000e-02  1.599998658284580e-03  1.367686703684358e+01  6.586167928863070e-04  1.168104652853616e-10  8.727192430096203e-10  1.406860739017191e-14  4.624654726805675e-10 -6.908349171075343e-10  3.480203475042029e-12  1.188526897075781e+01 -4.365574568510056e-11 -2.655724529176950e-09  1.188524577101634e+01
 5.000000000000000e-02  2.499998320919323e-03  1.316323957810610e+01  6.576461440454318e-04 -3.032775595327580e-10 -2.447906673370970e-10 -1.920338887906325e-14 -1.390236101302129e-10  2.068694518943366e-10 -8.168584958055429e-13  1.182113027307150e+01  1.455191522836685e-11 -2.546585164964199e-09  1.182112092557509e+01
 6.000000000000000e-02  3.599997981812876e-03  1.267349859616042e+01  6.564609827708453e-04  1.386823137474987e-10 -1.743597544991149e-10  1.661865089985781e-15  3.073258821660495e-11 -6.918993950289669e-11  1.744667575339846e-13  1.174313047756254e+01 -3.637978807091713e-12 -2.455635694786906e-09  1.174312605040905e+01
 7.000000000000001e-02  4.899997640183575e-03  1.220632338164156e+01  6.550620202594628e-04  6.369688053376420e-11  6.744309971606910e-11  8.482797797526587e-15 -1.076007284773011e-13  1.674634917596277e-11  2.880392740139830e-14  1.165150231341528e+01  5.456968210637569e-12 -2.361957740504295e-09  1.165149997047774e+01
 8.000000000000000e-02  6.399997295090562e-03  1.176047763954977e+01  6.534500958893827e-04 -1.687496425554309e-10 -8.832916928262768e-12  9.714451465470120e-15 -7.694865933019605e-12 -5.878048792009597e-12  3.102645809785863e-15  1.154651860076314e+01 -1.818989403545856e-12 -2.277829480590299e-09  1.154651725658914e+01
 9.000000000000000e-02  8.099996945445210e-03  1.133480337897181e+01  6.516261766566519e-04 -3.413988750445955e-11 -2.697569587411380e-11  9.100359354974330e-15  9.275092296387298e-13  1.683235525709491e-11 -1.050843755477141e-15  1.142849118324031e+01  0.000000000000000e+00 -2.187334757763892e-09  1.142849036343523e+01
 1.000000000000000e-01  9.999996590020951e-03  1.092821529590519e+01  6.495913565250546e-04  1.485293379648446e-10  2.361051697034877e-11  1.755887102383724e-14 -2.237308518162222e-12 -2.577418815237201e-11  3.036438253965603e-16  1.129776966560144e+01  9.094947017729282e-13 -2.099568519042805e-09  1.129776914114063e+01
 1.100000000000000e-01  1.209999622746685e-02  1.053969560536412e+01  6.473468556893561e-04 -1.893975515158443e-10 -1.937755880233871e-11 -4.999473057765158e-15  1.333018352253080e-11 -1.203809521616677e-11  4.790183098259826e-16  1.115474003206990e+01  4.547473508864641e-13 -2.014076017076150e-09  1.115473968348579e+01
 1.200000000000000e-01  1.439999585632014e-02  1.016828928319149e+01  6.448940197517631e-04  1.231187724402730e-10  1.476985417650512e-11  7.702172233337023e-15  7.307286580457636e-12 -1.457527959389191e-11  4.372626837065948e-16  1.099982309813009e+01 -4.547473508864641e-13 -1.928697201947216e-09  1.099982285912438e+01
 1.300000000000000e-01  1.689999547502292e-02  9.813099681802656e+00  6.422343188118150e-04  1.134994436556938e-10  7.439382660248683e-12 -1.970645868709653e-15  4.694766271090375e-12  2.966462708055709e-12  2.965374161103255e-16  1.083347284400161e+01  2.273736754432321e-13 -1.844796315708663e-09  1.083347267586566e+01
 1.400000000000000e-01  1.959999508193653e-02  9.473284487492998e+00  6.393693464695152e-04  4.995573812065614e-11  3.569753216983718e-12 -1.328798182598234e-15  7.899542966414631e-12  5.734070420376267e-12  4.758118200895250e-16  1.065617460202068e+01 -3.410605131648481e-13 -1.762316514941631e-09  1.065617448117689e+01
 1.500000000000000e-01  2.249999467535798e-02  9.148051989996588e+00  6.363008187418573e-04  1.479597352976739e-10  1.512347376237538e-12 -8.163608677946854e-15  3.689524811826365e-12 -4.077294283327677e-12  6.744973243665017e-16  1.046844313023514e+01  2.273736754432321e-13 -1.681684125287575e-09  1.046844304179956e+01
 1.600000000000000e-01  2.559999425353787e-02  8.836657637726987e+00  6.330305728927196e-04  6.440762430771213e-11  3.058038962030010e-11 -2.997602166487923e-15  7.968384491047121e-12 -6.060445290609416e-12  3.537804291519931e-16  1.027082056917830e+01  0.000000000000000e+00 -1.602671773071052e-09  1.027082050346286e+01
 1.700000000000000e-01  2.889999381469925e-02  8.538400854596899e+00  6.295605661761213e-04  3.565691796323213e-11  3.483352652546359e-11  6.453171330633722e-16 -5.588071322160948e-12  3.385638339833888e-12 -9.258855035276093e-17  1.006387429420847e+01  0.000000000000000e+00 -1.525208404018485e-09  1.006387424473834e+01
 1.800000000000000e-01  3.239999335705521e-02  8.252622096531638e+00  6.258928744928302e-04 -1.852490719077781e-10 -1.048615746101697e-11 -1.104671909502031e-14  2.538296228765237e-12 -6.451296098085281e-12  2.070097400286662e-16  9.848194668365934e+00  2.842170943040401e-14 -1.449706132916617e-09  9.848194630711419e+00
 1.900000000000000e-01  3.609999287882847e-02  7.978700127788731e+00  6.220296909603781e-04 -3.957428368635122e-11 -1.284023229538786e-11  4.680283938185426e-15 -4.617017498494371e-12  3.915918500252667e-12 -1.532249672488982e-16  9.624392711780779e+00  5.684341886080801e-14 -1.376051272927725e-09  9.624392682849702e+00
 2.000000000000000e-01  3.999999237827039e-02  7.716049498996121e+00  6.179733243964590e-04 -4.091841514735186e-11  1.310907019871563e-11  1.720845688168993e-15  6.757424889637085e-12 -2.789722807174888e-12  4.898251949310677e-16  9.393097692111329e+00  1.421085471520200e-14 -1.304364616316889e-09  9.393097669705753e+00
 2.100000000000000e-01  4.409999185368112e-02  7.464118210445331e+00  6.137261977157412e-04 -9.295078755286782e-11  5.206455871899912e-12  1.356553758213863e-15 -2.772659329429765e-12  3.334798299020764e-13 -3.685822661423463e-16  9.154954650503068e+00  1.421085471520200e-14 -1.234752744494472e-09  9.154954633035459e+00
 2.200000000000000e-01  4.839999130342761e-02  7.222385545641965e+00  6.092908462400776e-04  1.497179539022907e-10  1.019628714685021e-11 -1.807581861967833e-15  3.641320978167412e-12 -4.084002839727886e-12  4.293831407534847e-16  8.910621869300513e+00 -4.263256414560601e-14 -1.167229868315189e-09  8.910621855607616e+00
 2.300000000000000e-01  5.289999072596498e-02  6.990360061440796e+00  6.046699159221685e-04 -1.282265284790085e-10  1.356633875333399e-11 -1.169203622808368e-15  1.185144196803667e-12  4.513113893237095e-12 -2.143212861902646e-16  8.660768299221864e+00 -2.131628207280301e-14 -1.101831514915830e-09  8.660768288440487e+00
 2.400000000000000e-01  5.759999011985347e-02  6.767577722290878e+00  5.998661614826307e-04  6.908815926241741e-11 -1.248888281202634e-11 -8.925152283900673e-15  6.491854285157826e-12 -4.777572518922557e-12  8.380633123627341e-16  8.406070948756936e+00 -7.105427357601002e-15 -1.038610975001575e-09  8.406070940238862e+00
 2.500000000000000e-01  6.249998948377933e-02  6.553600167200579e+00  5.948824444605476e-04 -3.790409332806138e-11  1.286561466086814e-11 -2.001697418929638e-14 -1.017399823852957e-11  7.905954125444264e-13 -1.060963420802947e-15  8.147212256149698e+00 -7.105427357601002e-15 -9.775398268629942e-10  8.147212249403232e+00
 2.600000000000000e-01  6.759998881657124e-02  6.348013099015002e+00  5.897217311774533e-04  6.021549475236892e-11  2.395975673180790e-11  1.286123985089205e-14  6.005944774348810e-12  3.242608142573007e-13  5.493887375984827e-16  7.884877448035995e+00  4.263256414560601e-14 -9.187104410557367e-10  7.884877442684630e+00
 2.700000000000000e-01  7.289998811721790e-02  6.150424786488962e+00  5.843870906148044e-04  2.261200500286280e-11  2.144805193908875e-12 -1.817990202823694e-15 -2.980253069466730e-12  1.725188049088852e-12 -3.359479663603015e-16  7.619751901209881e+00 -3.552713678800501e-15 -8.620926195135326e-10  7.619751896962686e+00
 2.800000000000000e-01  7.839998738488629e-02  5.960464670446885e+00  5.788816922049422e-04 -1.192596485027073e-10  1.270381919777318e-11  9.745676488037702e-15  6.544649154508362e-12  3.003147396174671e-12  4.102126351724717e-16  7.352518518324670e+00  3.552713678800501e-15 -8.076899149500605e-10  7.352518514955257e+00
 2.900000000000000e-01  8.409998661893511e-02  5.777782066055028e+00  5.732088035355390e-04 -3.680813473722050e-11  5.877967397213170e-12  3.160666173229743e-15  1.385412370765220e-12  4.030065469754291e-13  2.917996644757088e-16  7.083855126935888e+00  1.065814103640150e-14 -7.555236436473933e-10  7.083855124266805e+00
 3.000000000000000e-01  8.999998581893148e-02  5.602044953898247e+00  5.673717879675736e-04 -5.089144961023008e-11  7.324835535208254e-12  1.234255753157498e-14 -3.117391238493363e-12  6.888427341007826e-13 -5.623172334370102e-16  6.814431917755607e+00  0.000000000000000e+00 -7.055769302155568e-10  6.814431915646926e+00
 3.100000000000000e-01  9.609998498466224e-02  5.432938853160205e+00  5.613741021668177e-04 -2.201654942816304e-11  9.810339091651313e-12 -1.527250548249981e-14  2.634078063791940e-12 -3.651852599014500e-13  4.161072109697463e-16  6.544908929436684e+00  1.776356839400250e-15 -6.578320110861569e-10  6.544908927777422e+00
 3.200000000000000e-01  1.023999841161483e-01  5.270165770757922e+00  5.552192935488750e-04 -7.262788151748522e-11 -2.828622129276773e-12  8.628514569508638e-15  2.979367575506847e-12 -2.341791836181389e-14  1.261405151669882e-16  6.275933595146228e+00  1.776356839400250e-15 -6.122746754044783e-10  6.275933593847920e+00
 3.300000000000000e-01  1.088999832136545e-01  5.113443220784399e+00  5.489109976377631e-04  4.076951523741248e-12  1.523470107391619e-11 -1.111784275753536e-14 -1.466359740310242e-12 -7.491346144013031e-13 -2.023457160205428e-16  6.008138359383120e+00 -1.776356839400250e-15 -5.688782778179302e-10  6.008138358374926e+00
 3.400000000000000e-01  1.155999822776989e-01  4.962503309071345e+00  5.424529353380661e-04 -6.428192982494524e-11  1.063929275083898e-11 -8.094219738907782e-15  6.258507938626519e-12 -4.170320169703994e-13  4.282696594207017e-16  5.742138377627767e+00 -5.329070518200751e-15 -5.276166170631313e-10  5.742138376852761e+00
 3.500000000000000e-01  1.224999813090606e-01  4.817091878102036e+00  5.358489101206676e-04 -3.102897798265709e-11  2.935608150339032e-12 -2.612493554821071e-15  3.798213673226928e-12 -1.298778291331369e-13  4.210171470636889e-16  5.478529309116364e+00  7.105427357601002e-15 -4.884554982709233e-10  5.478529308528658e+00
 3.600000000000000e-01  1.295999803087859e-01  4.676967707885835e+00  5.291028051220764e-04 -4.208853910957390e-11  7.147266692332163e-12 -2.794639519798636e-15  3.786768537684705e-13  4.485097421951739e-13 -2.580954918309636e-16  5.217885213016919e+00  5.329070518200751e-15 -4.513482920742717e-10  5.217885212579375e+00
 3.700000000000000e-01  1.368999792781925e-01  4.541901768754470e+00  5.222185801573607e-04  1.318403511837703e-11  1.235966956222596e-11 -9.135053824493866e-15 -1.689626320716964e-12  1.010357662344828e-12  2.607454719804923e-16  4.960756558038391e+00  1.776356839400250e-15 -4.162563627119198e-10  4.960756557720932e+00
 3.800000000000000e-01  1.443999782188725e-01  4.411676522358586e+00  5.152002686467054e-04 -4.865126169970361e-12  1.410366361729882e-11  9.119441313210075e-15  1.894938866415040e-12  5.736009668476733e-13 -1.358381687243385e-17  4.707668354969754e+00  3.552713678800501e-15 -3.831359673966972e-10  4.707668354747931e+00
 3.900000000000000e-01  1.520999771326942e-01  4.286085267434459e+00  5.080519744556039e-04  5.512217269630859e-11  3.709051030989941e-12 -7.091549569793187e-15 -1.283533147623479e-12 -7.611806395316394e-13 -1.387297420360619e-17  4.459118421225488e+00  4.440892098500626e-15 -3.519391444939401e-10  4.459118421079459e+00
 4.000000000000000e-01  1.599999760217996e-01  4.164931527177361e+00  5.007778686486975e-04  4.914616848435870e-11  6.729674556873490e-12  3.075664722906879e-15  4.454659935900387e-12 -1.372002956764688e-12  3.063563705112394e-16  4.215575785366396e+00  7.105427357601002e-15 -3.226023892466401e-10  4.215575785280012e+00
 4.100000000000000e-01  1.680999748886018e-01  4.048028475302216e+00  4.933821861572783e-04 -9.711533590110386e-11  9.440353196160569e-12 -1.365227375593747e-15  2.460364579344364e-12 -4.602904174250535e-13  1.217488365333924e-16  3.977479239984132e+00  7.993605777301127e-15 -2.950777400201332e-10  3.977479239944254e+00
 4.200000000000000e-01  1.763999737357813e-01  3.935198398095926e+00  4.858692223604701e-04 -2.315937993307559e-12  4.863323197661692e-12 -2.097280682455960e-15 -1.766020976668628e-12  9.963545601119416e-13 -2.027554236279852e-16  3.745236049675325e+00  6.439293542825908e-15 -2.693050227264848e-10  3.745236049671272e+00
 4.300000000000000e-01  1.848999725662782e-01  3.826272189970953e+00  4.782433295800966e-04 -4.783019356488917e-12  2.563668962990602e-12  2.862293735361732e-16  8.271233565665832e-13  2.644553217662410e-13  6.374858206129833e-17  3.519220820673162e+00  3.996802888650564e-15 -2.452236191885504e-10  3.519220820696270e+00
 4.400000000000000e-01  1.935999713832846e-01  3.721088880217967e+00  4.705089134892517e-04  4.712221541111226e-11  6.911381491121965e-12 -2.721781133807610e-15  2.106658607101024e-12 -9.358888258454350e-13  2.213080099567752e-16  3.299774537685708e+00  4.218847493575595e-15 -2.227714679392534e-10  3.299774537728962e+00
 4.500000000000000e-01  2.024999701902354e-01  3.619495188828213e+00  4.626704294345875e-04 -1.307674352848498e-11  3.958248605186870e-12  1.538699723191428e-15 -6.249415169279600e-13  5.298912808015193e-13 -8.987860399494576e-17  3.087203773155468e+00  3.441691376337985e-15 -2.018847866658291e-10  3.087203773213200e+00
 4.600000000000000e-01  2.115999689907941e-01  3.521345109415034e+00  4.547323786723253e-04  6.766687621199193e-11  6.343723477766970e-12  3.625572064791527e-15  3.732866194277418e-12 -2.462721571494348e-14  6.239475545616142e-16  2.881780072372027e+00  4.884981308350689e-15 -1.824987383436394e-10  2.881780072439684e+00
 4.700000000000000e-01  2.208999677888413e-01  3.426499517409922e+00  4.466993045180117e-04  5.552173114710748e-12  6.855471434806396e-12 -1.196959198423997e-15  3.911293339786921e-12  8.780216446104357e-13  4.674886633696722e-16  2.683739518386602e+00  3.996802888650564e-15 -1.645462655019969e-10  2.683739518460553e+00
 4.800000000000000e-01  2.303999665884579e-01  3.334825801842707e+00  4.385757884100227e-04  2.871711898259791e-11  3.184924110942867e-12 -2.357489203852481e-15 -5.246584539459761e-13 -2.400344875075769e-14 -1.516159613375191e-16  2.493282478299219e+00  3.219646771412954e-15 -1.479644184954054e-10  2.493282478376582e+00
 4.900000000000000e-01  2.400999653939091e-01  3.246197519139028e+00  4.303664458868333e-04 -3.304919711042006e-12  4.098840717723751e-12  7.206041319207657e-15 -2.069299803852176e-12  3.606615448982894e-13 -4.793190828117406e-16  2.310573532742293e+00  3.108624468950438e-15 -1.326857790306946e-10  2.310573532820801e+00
 5.000000000000000e-01  2.499999642096257e-01  3.160494067481974e+00  4.220759224780597e-04  7.438715601473930e-12  5.893844140424857e-12  1.058181320345852e-15 -1.766290761882052e-12  3.479414557319903e-13 -2.834627057100665e-17  2.135741588662183e+00  2.997602166487923e-15 -1.186426512589378e-10  2.135741588740082e+00
 5.100000000000000e-01  2.600999630401857e-01  3.077600380389617e+00  4.137088895092901e-04 -1.841010573562464e-11  5.561810793650978e-12  3.042704976863320e-15 -1.181263070572998e-12 -2.975864342032261e-13 -3.910356294635126e-16  1.968880174914014e+00  3.330669073875470e-15 -1.057706144891313e-10  1.968880174989973e+00
 5.200000000000000e-01  2.703999618902922e-01  2.997406638256704e+00  4.052700398207080e-04 -5.605454209626343e-11  1.581606334682723e-12 -1.082467449009528e-15  1.727713225227076e-12  7.434376928802281e-14  4.567542018602668e-17  1.810047918949426e+00  2.386979502944087e-15 -9.400427658512456e-11  1.810047919022450e+00
 5.300000000000000e-01  2.808999607647515e-01  2.919807996697942e+00  3.967640833995232e-04  1.620161060297614e-11  2.448832767628132e-12 -2.066055659888377e-15 -1.004023665236361e-12 -3.088531378324802e-14 -8.766421719011920e-17  1.659269202008680e+00  2.359223927328458e-15 -8.327830092191846e-11  1.659269202078055e+00
 5.400000000000000e-01  2.915999596684512e-01  2.844704330612496e+00  3.881957429262172e-04  3.375264679736205e-11  1.337187382408056e-12 -3.660266534311063e-16  1.104183304052647e-12  3.337126122911713e-13 -2.745580426098877e-17  1.516534989093226e+00  2.192690473634684e-15 -7.353050113234616e-11  1.516534989158469e+00
 5.500000000000000e-01  3.024999586063364e-01  2.771999992965291e+00  3.795697492346145e-04  4.619610280552253e-11  2.084724775536180e-12 -5.806119474094373e-15 -1.962602873861505e-12 -2.783093997505909e-13 -3.724433477650686e-16  1.381803828965701e+00  1.776356839400250e-15 -6.469894064942139e-11  1.381803829026508e+00
 5.600000000000001e-01  3.135999575833832e-01  2.701603587350799e+00  3.708908366857836e-04 -2.285679517325583e-11  4.155190275083453e-12 -6.921546669147460e-15 -2.534856849640150e-12  1.481777419408442e-13 -2.838470768009011e-16  1.255003018314359e+00  1.665334536937735e-15 -5.672128045031144e-11  1.255003018370576e+00
 5.700000000000000e-01  3.248999566045783e-01  2.633427753469866e+00  3.621637384557829e-04 -2.597009896560909e-11  2.448140548639653e-12 -5.544176229221875e-15  1.122440967614262e-12 -4.248621593128877e-13  2.162044739754007e-16  1.136029923405822e+00  1.790234627208065e-15 -4.953997628787121e-11  1.136029923457411e+00
 5.800000000000000e-01  3.363999556748888e-01  2.567388964710072e+00  3.533931817372502e-04  3.121900276880090e-11  3.491075011051843e-12  2.401724652489889e-15 -6.500196810301303e-13  1.746345480938398e-13  1.678491353547940e-16  1.024753451037557e+00  1.443289932012704e-15 -4.309739370933485e-11  1.024753451084571e+00
 5.900000000000000e-01  3.480999547992434e-01  2.503407337075596e+00  3.445838828548524e-04 -3.446143957999378e-11  2.446849779642348e-12 -3.673276960380889e-15 -7.958864793205172e-14 -2.098691061995604e-14 -2.676070597830006e-18  9.210156601997911e-01  1.151856388048600e-15 -3.733819503581870e-11  9.210156602423564e-01
 6.000000000000000e-01  3.599999539824994e-01  2.441406448763900e+00  3.357405422945911e-04  2.306431349517236e-11  9.668215792997000e-13  4.531097719251420e-15 -3.934211441321097e-13 -8.811635787817082e-13 -1.136322073607878e-17  8.246335041239420e-01  8.673617379884035e-16 -3.220912425661027e-11  8.246335041622364e-01
 6.100000000000000e-01  3.720999532294273e-01  2.381313169734118e+00  3.268678396469806e-04 -4.487149882514724e-11  2.271893780357443e-12 -1.880440247958859e-15  9.533835612655131e-13  9.362295251647658e-14  7.401839812363766e-17  7.354006921807356e-01  9.506284648352903e-16 -2.765894110967615e-11  7.354006922149774e-01
 6.200000000000000e-01  3.843999525446765e-01  2.323057500656103e+00  3.179704284640934e-04 -4.922637196991492e-11  1.208306245967719e-12 -5.365499711196264e-15 -7.905019671062126e-13 -5.401780731668507e-13 -8.822914952055668e-17  6.530896593281460e-01  7.632783294297951e-16 -2.363875414856942e-11  6.530896593585785e-01
 6.300000000000000e-01  3.968999519327615e-01  2.266572420669933e+00  3.090529310304857e-04  2.232866583618573e-11  2.279000304834469e-12 -9.731798700229888e-16 -5.387754212571624e-15 -1.096709958542658e-13 -1.976225233735812e-17  5.774536306855992e-01  6.349087922075114e-16 -2.010219768422417e-11  5.774536307124845e-01
 6.400000000000000e-01  4.095999513980301e-01  2.211793743423587e+00  3.001199330480010e-04 -1.762355730795096e-11  2.149714640705116e-12 -1.951563910473908e-15 -1.200082100449407e-13 -1.651085173097404e-13  1.202665248900787e-16  5.082287672245492e-01  5.308253836489030e-16 -1.700492351097704e-11  5.082287672481579e-01
 6.500000000000000e-01  4.224999509446498e-01  2.158659980891644e+00  2.911759782344600e-04  2.362176374676747e-11  2.493182851587039e-12 -8.066464163292153e-17 -1.435054354991166e-12 -3.756308786757042e-13 -3.606160893657226e-16  4.451363783341163e-01  5.169475958410885e-16 -1.430519765144300e-11  4.451363783547210e-01
 6.600000000000000e-01  4.355999505765797e-01  2.107112214510519e+00  2.822255628362329e-04 -2.718950748396295e-11  2.763074921087225e-12 -2.844946500601964e-15 -8.236240665351435e-14  9.046397968117483e-13 -4.291988420165797e-18  3.878851858246620e-01  4.492933802779930e-16 -1.196382836549104e-11  3.878851858425333e-01
 6.700000000000000e-01  4.488999502975610e-01  2.057093973196066e+00  2.732731300547046e-04 -8.515975967956254e-12  9.335370482133949e-13  8.003146756419000e-15 -2.487090041617714e-12 -4.777974871293367e-14 -4.489458507778086e-16  3.361736235798955e-01  3.573530360512223e-16 -9.943752418695162e-12  3.361736235952980e-01
 6.800000000000000e-01  4.623999501110868e-01  2.008551117837538e+00  2.643230643866242e-04 -2.171587118788865e-11  9.081818223040242e-13 -3.034031359483436e-15 -6.054534548928166e-13  1.295617069913848e-13 -4.261106882811046e-17  2.896921561875319e-01  2.532696274926138e-16 -8.210563305632856e-12  2.896921562007192e-01
 6.899999999999999e-01  4.760999500204007e-01  1.961431731888112e+00  2.553796858783499e-04  6.149846160680042e-12  2.335794863446747e-12 -1.791969350684042e-15 -6.597865932230426e-13 -3.347227513412216e-13  2.561092974556165e-17  2.481255996296312e-01  2.107689023311821e-16 -6.732330838643552e-12  2.481255996408450e-01
 7.000000000000000e-01  4.899999500284691e-01  1.915686017696516e+00  2.464472442939782e-04 -3.587019449135707e-12  1.047977747587408e-12  2.949029909160572e-15  1.732405185604112e-12  1.578493652508782e-13 -1.421852465536912e-18  2.111554264289556e-01  1.665334536937735e-16 -5.479415966097578e-12  2.111554264384235e-01
 7.100000000000000e-01  5.040999501379847e-01  1.871266198246974e+00  2.375299131973681e-04  2.091820736030046e-11  1.159156252666276e-12 -2.596013681799292e-15 -3.699575282781529e-13  3.230062961731923e-13  7.279093853779255e-17  1.784620375960222e-01  1.400789206851272e-16 -4.424475542885720e-12  1.784620376039563e-01
 7.200000000000000e-01  5.183999503513393e-01  1.828126423995788e+00  2.286317839480484e-04 -4.542081205134642e-11  2.732037464436691e-12 -2.203098814490545e-15  4.305277561993017e-13 -3.031087946581373e-13 -5.786986627821666e-17  1.497269832963840e-01  1.092875789865388e-16 -3.542534104603035e-12  1.497269833029806e-01
 7.300000000000000e-01  5.328999506706370e-01  1.786222684512499e+00  2.197568596110144e-04  1.189955532927053e-11  1.410228763302831e-12 -8.357030345518268e-16  2.094701993390815e-13 -6.088765060830343e-14  1.997259740947168e-16  1.246351143060948e-01  8.890457814381136e-17 -2.810785458551290e-12  1.246351143115338e-01
 7.400000000000000e-01  5.475999510976688e-01  1.745512724651906e+00  2.109090487804058e-04 -1.686426403221580e-11  1.981046874048432e-12  2.102051172014896e-15 -1.894640123272255e-13  7.467250120591257e-14 -1.113202669565771e-16  1.028766462161495e-01  6.917209860457518e-17 -2.208544762002940e-12  1.028766462205946e-01
 7.500000000000000e-01  5.624999516339303e-01  1.705955965000239e+00  2.020921593170666e-04  9.135097198509996e-12  1.227719627866933e-12 -2.860559011885755e-15 -7.004238680626507e-13  1.153754690696461e-13  6.340960278664140e-17  8.414911873709074e-02  4.705437428587089e-17 -1.717244510653082e-12  8.414911874068923e-02
 7.600000000000000e-01  5.775999522806042e-01  1.667513426354728e+00  1.933098919999802e-04  1.237174857646742e-11 -1.332712470078262e-14  1.479285444139222e-15 -3.165914463374306e-13  1.406239003296225e-13 -9.949587313356399e-17  6.815923271787008e-02  3.729655473350135e-17 -1.320176823763064e-12  6.815923272075382e-02
 7.700000000000000e-01  5.928999530385811e-01  1.630147658010617e+00  1.845658340915770e-04 -1.684382617963699e-11  5.362023043288435e-13 -2.145419258914316e-15 -1.729815958142984e-14  1.816041250566339e-13  7.874376395372902e-17  5.462454816526923e-02  2.797241605012601e-17 -1.002511821387303e-12  5.462454816755510e-02
 7.800000000000000e-01  6.083999539084475e-01  1.593822669643538e+00  1.758634528169092e-04  1.809873655381000e-11 -7.770813227460594e-13 -2.544405658388982e-15 -1.455960203785038e-12 -1.027042105851321e-13  3.751065353347481e-18  4.327502722998126e-02  1.816038638913220e-17 -7.511777658231189e-13  4.327502723177187e-02
 7.900000000000000e-01  6.240999548905135e-01  1.558503866588052e+00  1.672060887566877e-04 -9.806540029451232e-12  2.821712308508231e-13  1.811484989788781e-15 -1.752329038816933e-13  5.613596142173048e-13 -7.460965117356577e-17  3.385440714594035e-02  1.441988889405721e-17 -5.546938505306825e-13  3.385440714732514e-02
 8.000000000000000e-01  6.399999559848071e-01  1.524157988325290e+00  1.585969491541738e-04  2.445800918521982e-11  1.354363399198416e-12  4.265251346557974e-15 -1.359283080777236e-12 -2.305205461146624e-13 -1.817943047734714e-16  2.612138923718044e-02  1.032702569292443e-17 -4.030971249065901e-13  2.612138923823645e-02
 8.100000000000001e-01  6.560999571911024e-01  1.490753050003834e+00  1.500391011359212e-04 -2.373525303988865e-11 -6.415817192482884e-13 -2.679714089515173e-15 -2.829105988933102e-13  3.603339087909425e-13 -1.014645014840499e-16  1.985063154709155e-02  6.139294801699169e-18 -2.878058712576029e-13  1.985063154788453e-02
 8.200000000000000e-01  6.723999585089251e-01  1.458258286828575e+00  1.415354648463602e-04  2.774400776713639e-12 -3.369435517704868e-13 -4.067059189427624e-15 -6.717435032857408e-13 -3.305586577486671e-13  4.455003656963053e-17  1.483353426686610e-02  4.418123852878431e-18 -2.015128176629209e-13  1.483353426745153e-02
 8.300000000000000e-01  6.888999599375820e-01  1.426644101162101e+00  1.330888064962170e-04 -1.446935825668449e-11  1.737979882178186e-12 -6.138752700612926e-16  4.561730536854109e-13  3.674782406550847e-13 -1.796958603968288e-17  1.087880906338423e-02  2.893464547820690e-18 -1.380571987296981e-13  1.087880906380835e-02
 8.400000000000000e-01  7.055999614761758e-01  1.395882012192420e+00  1.247017313247612e-04 -2.429622151652204e-12  1.659957795722900e-12  5.462210544981971e-16  1.919117567963553e-14 -1.783572064654833e-13  6.627168192643068e-17  7.812825576573597e-03  1.775381057445014e-18 -9.230446166793877e-14  7.812825576874434e-03
 8.500000000000000e-01  7.224999631236346e-01  1.365944608029387e+00  1.163766764758727e-04 -2.851213493879033e-11  1.105552093201258e-12  1.986041539558947e-15  7.864880833021245e-14  3.978889119016531e-13  2.869086851474212e-17  5.479730832155577e-03  9.961107459710572e-19 -6.003949948156246e-14  5.479730832363950e-03
 8.600000000000000e-01  7.395999648787366e-01  1.336805500100358e+00  1.081159037879208e-04 -9.298587241013187e-12  3.864341265909272e-13  1.119330322874035e-15  1.110246894772220e-13 -2.625660266809631e-13  4.283425371095155e-17  3.741340088049811e-03  6.437450399132683e-19 -3.784955713377527e-14  3.741340088190292e-03
 8.700000000000000e-01  7.568999667401402e-01  1.308439279723072e+00  9.992149249744600e-05 -1.582192782793018e-11 -3.019471540217096e-13 -1.036280436461645e-15 -2.685510798178849e-13 -2.923963007226431e-13 -3.555663965421402e-17  2.476800732628190e-03  3.235665858511427e-19 -2.301883650799252e-14  2.476800732720011e-03
 8.800000000000000e-01  7.743999687064138e-01  1.280821476740897e+00  9.179533185663778e-05 -2.670579627025555e-12  1.377825816431792e-12  6.508465641430483e-16  5.022684301263705e-13 -5.375805751184328e-13  9.202314989086060e-18  1.582034290184912e-03  1.766063695025216e-19 -1.342797477282332e-14  1.582034290242814e-03
 8.900000000000000e-01  7.920999707760719e-01  1.253928520112171e+00  8.373911366459792e-05  4.259534863498490e-12  4.864075137608090e-13  1.248892482486053e-15 -4.350864133965959e-13  4.624855489595254e-13  4.163280865044825e-17  9.689653847788722e-04  8.999725064576941e-20 -7.459476965157932e-15  9.689653848138816e-04
 9.000000000000000e-01  8.099999729476067e-01  1.227737700351626e+00  7.575432471238250e-05  3.131763567736265e-11  1.107224793351417e-12  1.964249075891988e-15 -5.937355885553923e-14 -3.098422213431365e-13 -2.579875213903131e-17  5.645506843819624e-04  4.446922973085077e-20 -3.909593488132004e-15  5.645506844020970e-04
 9.100000000000000e-01  8.280999752195285e-01  1.202227133727664e+00  6.784223914181309e-05  6.226012887638816e-12 -2.182405161402736e-13 -1.755106476819535e-15  1.456368791643754e-14  5.752374391710639e-13 -9.703933713742906e-18  3.096254125858583e-04  1.810532924756067e-20 -1.909630353280002e-15  3.096254125967577e-04
 9.200000000000000e-01  8.463999775904031e-01  1.177375728124773e+00  6.000391071804969e-05 -2.012435553307592e-11  1.504216517320873e-12  3.091060393756173e-16 -1.015736689257699e-12 -2.105972507705675e-13 -6.785427507069256e-17  1.575899935979241e-04  5.955700410381799e-21 -8.549914305986853e-16  1.575899936033995e-04
 9.300000000000000e-01  8.648999800588860e-01  1.153163150485468e+00  5.224016501591683e-05  3.291627018812864e-12  2.045337812760268e-13  6.200010123358357e-16 -3.080569758317897e-13  1.078213466500790e-12 -6.874183629984649e-17  7.296480786733098e-05  2.329340604949326e-21 -3.427933602510885e-16  7.296480786983300e-05
 9.399999999999999e-01  8.835999826237734e-01  1.129569795750961e+00  4.455159151997576e-05  2.308592994335471e-11  6.013511049203525e-13  3.847833510151055e-16  1.540001530811133e-12  1.154919494745393e-11 -2.708359674689785e-16  2.984690039117138e-05  7.113753267956038e-22 -1.189558016436791e-16  2.984690039218147e-05
 9.500000000000000e-01  9.024999852840330e-01  1.106576757224313e+00  3.693853563833497e-05 -4.415028531935419e-12  2.983728372380898e-12  4.128641872824801e-16 -1.525255711671106e-11 -1.622326695360107e-11 -3.641159589115195e-16  1.030882230405629e-05  1.799117832302835e-22 -3.388790597016069e-17  1.030882230440058e-05
 9.600000000000000e-01  9.215999880388572e-01  1.084165798284030e+00  2.940109063019357e-05 -1.004289923025901e-11  3.307219447527811e-12 -9.183192400952223e-17 -3.729223266436249e-12  2.571966847058818e-11 -9.367704314725074e-16  2.786619940952267e-06  2.920981538077879e-23 -7.253860654821175e-18  2.786619941044107e-06
 9.700000000000000e-01  9.408999908876954e-01  1.062319325380092e+00  2.193908944711025e-05  4.306931990209098e-11  2.869090365367218e-12  1.137328078937294e-15 -4.369529229567906e-11 -9.939555429049223e-11 -2.096492915562812e-15  5.113358645148616e-07  2.953293280755732e-24 -9.881607260285071e-19  5.113358645314918e-07
 9.800000000000000e-01  9.603999938303250e-01  1.041020362248115e+00  1.455209648799365e-05  1.319017734477961e-11 -2.933013712855598e-11 -4.169567116704340e-15  1.568528296446398e-10  4.558770283400401e-10 -6.809722736025096e-15  4.627564597238490e-08  1.054170604864942e-25 -5.901759247739910e-20  4.627564597387006e-08
 9.900000000000000e-01  9.800999968667975e-01  1.020252525280923e+00  7.239399267809883e-06  1.396808365151933e-09 -2.805454203937356e-11  1.132690319441193e-14  2.491024008835418e-09 -4.460192166044557e-09  2.497011239780394e-13  7.452463156764071e-10  4.646390731751760e-28 -4.705198647739476e-22  7.452463157000086e-10
 1.000000000000000e+00  1.000000000000000e+00  1.000000000000000e+00  0.000000000000000e+00 -0.000000000000000e+00 -0.000000000000000e+00 -0.000000000000000e+00  0.000000000000000e+00  0.000000000000000e+00  0.000000000000000e+00  0.000000000000000e+00  0.000000000000000e+00  0.000000000000000e+00  0.000000000000000e+00
