 0.000000000000000e+00  0.000000000000000e+00  1.600000000000000e+01  3.779696340633645e-02 -0.000000000000000e+00 -0.000000000000000e+00 -7.105427357601002e-14  0.000000000000000e+00  0.000000000000000e+00  4.048686668395307e-06  0.000000000000000e+00  0.000000000000000e+00  0.000000000000000e+00  0.000000000000000e+00
 1.000000000000000e-02  9.890446126010981e-05  1.537565596213413e+01  3.779038973460461e-02 -2.854766610327353e-07 -1.116753916008406e-06 -6.889868594983639e-06  1.503561327391929e-05 -2.369669425506024e-03 -6.114943760380968e-03  1.215008265409051e+01  9.895451366901398e-04  5.840081721544266e-04  1.214510749652982e+01
 2.000000000000000e-02  3.978040592550236e-04  1.478147762204268e+01  3.777137872204418e-02 -1.053780340209975e-07  1.348279850432732e-06 -9.218497565299799e-08 -4.886360845534429e-07  1.703991329552752e-04  1.184103270871182e-04  1.200004798736700e+01  3.115274012088776e-07  5.374196916818619e-06  1.199968307348900e+01
 3.000000000000000e-02  8.967016558322244e-04  1.421573271997015e+01  3.774002517844773e-02 -4.275064940939544e-08  5.720405598097500e-07 -4.570368306033856e-09 -1.200103329022823e-07 -2.670249107368720e-05 -4.102355914588570e-06  1.196637598932011e+01  2.735760062932968e-09  6.709829904139042e-06  1.196632786135888e+01
 4.000000000000000e-02  1.595596321671050e-03  1.367680400854228e+01  3.769627325716365e-02 -2.319726943866840e-08  2.946112847013183e-07  8.394505091047222e-10  7.451341363712273e-08  6.882742252791594e-06 -4.722682479616907e-07  1.191573067752756e+01  0.000000000000000e+00  6.456612027250230e-06  1.191573318598967e+01
 5.000000000000000e-02  2.494486588393411e-03  1.316318049930306e+01  3.764012260283404e-02 -1.360532392302716e-08  1.703158787336179e-07  1.062086640857274e-09 -2.622927006154521e-08 -2.617920494687386e-06  3.169843799755792e-07  1.185117294069153e+01  2.255546860396862e-10  6.338934326777235e-06  1.185118891746242e+01
 6.000000000000000e-02  3.593370396350308e-03  1.267344957690289e+01  3.757159636842408e-02 -9.150500301924325e-09  1.075488467172647e-07  8.518823424452648e-10 -5.775179496381240e-08  2.354129666944047e-06  1.699532713880776e-07  1.177258443815867e+01  2.255546860396862e-10  6.156091330922209e-06  1.177260462870618e+01
 7.000000000000001e-02  4.892245135604011e-03  1.220628975383654e+01  3.749073104008227e-02 -6.749283437690323e-09  7.150129111010983e-08  6.301816846132624e-10 -7.031731754044928e-09  1.561560681597284e-07 -4.296217094844401e-08  1.168029070704819e+01  5.202309694141150e-10  5.965929631202016e-06  1.168031222946229e+01
 8.000000000000000e-02  6.391107665022913e-03  1.176046401617756e+01  3.739757342546465e-02 -4.727939262316738e-09  5.008367987002771e-08  4.755306148851446e-10  2.336098089159926e-10 -1.166847424000851e-08 -4.715067985595620e-09  1.157452008469215e+01  6.757545634172857e-10  5.739370863011573e-06  1.157454170281926e+01
 9.000000000000000e-02  8.089954356985150e-03  1.133481371007666e+01  3.729217941539258e-02 -3.638761930657708e-09  3.627556610652505e-08  3.565614470346645e-10  3.675087192445438e-11  7.397081943115710e-09  4.191235455464589e-10  1.145562779162728e+01  1.123680704040453e-09  5.501902705873363e-06  1.145564898512885e+01
 1.000000000000000e-01  9.988781124497938e-03  1.092825292124261e+01  3.717461330925560e-02 -2.624502420944808e-09  2.699941958894669e-08  2.767504003742260e-10 -7.713768723252160e-12 -5.444401170051222e-09  3.481133832153508e-10  1.132394522249990e+01  1.509761204943061e-09  5.240824521024479e-06  1.132396566714397e+01
 1.100000000000000e-01  1.208758347444246e-02  1.053976330373849e+01  3.704494749039455e-02 -2.322000980381489e-09  2.056215953061269e-08  2.147912958605502e-10  6.074859298842114e-12  4.296191408312304e-09 -2.192851708004753e-10  1.117988528329917e+01  2.184606273658574e-09  4.970609779775259e-06  1.117990482239043e+01
 1.200000000000000e-01  1.438635654458202e-02  1.016838931866220e+01  3.690326217218528e-02 -1.849960490352132e-09  1.591391174393664e-08  1.709637986735402e-10  1.576668907047715e-11 -3.164742498115906e-09  1.382369103060784e-10  1.102386341008021e+01  2.862861947505735e-09  4.686213969762321e-06  1.102388192040007e+01
 1.300000000000000e-01  1.688509516308098e-02  9.813233846917704e+00  3.674964524538877e-02 -1.343423983168890e-09  1.257394033338244e-08  1.361591950299612e-10 -9.303067034004260e-13  2.368673606608549e-09 -8.948283672881942e-11  1.085635361000223e+01  3.833747541648336e-09  4.397246016196732e-06  1.085637103415968e+01
 1.400000000000000e-01  1.958379389353036e-02  9.473454143742563e+00  3.658419212658758e-02 -1.341623867556763e-09  1.003599847670955e-08  1.109471403637485e-10  1.078002681707331e-11 -1.823470219409989e-09  6.316150711195446e-11  1.067784207706389e+01  4.854655344388448e-09  4.102093669189344e-06  1.067785836664086e+01
 1.500000000000000e-01  2.248244709979384e-02  9.148258105650452e+00  3.640700564656067e-02 -8.613093571696595e-10  8.113471006154782e-09  9.150713520256204e-11  2.382566084621502e-12  1.410253514628806e-09 -4.538393103578263e-11  1.048886008990651e+01  6.167965693748556e-09  3.807710271530595e-06  1.048887523277602e+01
 1.600000000000000e-01  2.558104899728339e-02  8.836900823227682e+00  3.621819592688991e-02 -9.857225591325403e-10  6.654808260009304e-09  7.437950255706482e-11  1.161720491303901e-11 -1.136315396816973e-09  3.354216882342659e-11  1.028995395365030e+01  7.560913672932656e-09  3.514077690169870e-06  1.028996794303379e+01
 1.700000000000000e-01  2.887959372173980e-02  8.538681395656686e+00  3.601788027493590e-02 -8.504584120272440e-10  5.455973450807505e-09  6.122502504979366e-11 -1.766120336691725e-12  9.052780594119431e-10 -2.517786902126028e-11  1.008170536110588e+01  9.234867093255161e-09  3.226393161526175e-06  1.008171821403479e+01
 1.800000000000000e-01  3.237807538490770e-02  8.252939985081360e+00  3.580618306567702e-02 -6.941379970815120e-10  4.514787432796652e-09  5.238309785937645e-11  4.814193738063759e-12 -7.232130680227196e-10  1.925837646224122e-11  9.864710498501829e+00  1.099891733247205e-08  2.945268619214403e-06  9.864722236696139e+00
 1.900000000000000e-01  3.607648814564883e-02  7.979055090908067e+00  3.558323563250187e-02 -5.919998241621371e-10  3.797156145068925e-09  4.228772887415744e-11 -2.733871642736902e-12  5.931957776367502e-10 -1.496769016516598e-11  9.639592975174601e+00  1.301748397963820e-08  2.674547545211681e-06  9.639603636904098e+00
 2.000000000000000e-01  3.997482626810440e-02  7.716441025951904e+00  3.534917614590626e-02 -5.330783175994114e-10  3.201911402683777e-09  3.654643254691337e-11  5.218806699602676e-12 -4.878887425596446e-10  1.181638491928062e-11  9.406988486408078e+00  1.511659775133012e-08  2.414925177163241e-06  9.406998113793534e+00
 2.100000000000000e-01  4.407308419340388e-02  7.464545577950195e+00  3.510414949637362e-02 -2.805299326169575e-10  2.703808510418071e-09  3.033084894354943e-11 -4.957206286530586e-12  4.035753556498728e-10 -9.439630494608775e-12  9.167553051990691e+00  1.742822064443317e-08  2.169101811944074e-06  9.167561698434369e+00
 2.200000000000000e-01  4.837125659836080e-02  7.222847841441793e+00  3.484830716655944e-02 -3.106566115462783e-10  2.314228475519542e-09  2.651145969423396e-11  4.915196137597084e-12 -3.377225907258021e-10  7.637323479004691e-12  8.921951253050043e+00  1.979188368750329e-08  1.937547587260724e-06  8.921958974420242e+00
 2.300000000000000e-01  5.286933846596779e-02  6.990856206328234e+00  3.458180710498962e-02 -2.973090801328127e-10  1.977723429469336e-09  2.127953369068791e-11 -2.278987140283928e-12  2.800330432800817e-10 -6.225996355475902e-12  8.670861379550875e+00  2.231093532145678e-08  1.721965308121298e-06  8.670868238724289e+00
 2.400000000000000e-01  5.756732514267279e-02  6.768106490638170e+00  3.430481359034358e-02 -3.555077413008867e-10  1.709660524262802e-09  1.864453036404257e-11  8.505142146258575e-12 -2.357926629760762e-10  5.159091246926014e-12  8.414966084370638e+00  2.483707817191316e-08  1.522448002333476e-06  8.414972144960032e+00
 2.500000000000000e-01  6.246521240583513e-02  6.554160206096182e+00  3.401749709565140e-02 -2.034684296048361e-10  1.474887545427350e-09  1.681643713169478e-11 -1.087980550671334e-11  2.000423766882114e-10 -4.318987506555399e-12  8.154955434802087e+00  2.744974381130305e-08  1.339836526170757e-06  8.154960763860721e+00
 2.600000000000000e-01  6.756299651767285e-02  6.348602946084607e+00  3.372003414415372e-02 -2.918120259320922e-10  1.301749708026989e-09  1.290056950153939e-11  8.463917168092403e-12 -1.721214626109317e-10  3.604273380489517e-12  7.891519279484088e+00  3.001265369562134e-08  1.173804573539883e-06  7.891523943011983e+00
 2.700000000000000e-01  7.286067428789214e-02  6.151042886474509e+00  3.341260716407064e-02 -7.715091066007318e-11  1.108071912003794e-09  1.267252969228139e-11 -1.724732662486878e-13  1.474842977734971e-10 -3.015765407308455e-12  7.625348857539558e+00  3.258596237287747e-08  1.024477104039079e-06  7.625352922062024e+00
 2.800000000000000e-01  7.835824312248509e-02  5.961109390613733e+00  3.309540433592064e-02 -1.813305269826593e-10  9.734434924801860e-10  1.015887374222757e-11  5.670731433088365e-12 -1.242868854087089e-10  2.566117557688594e-12  7.357130434615567e+00  3.504640844198548e-08  8.911431965685779e-07  7.357133964002134e+00
 2.900000000000000e-01  8.405570107984059e-02  5.778451710491701e+00  3.276861943809670e-02 -3.073246795937123e-10  8.507972659721474e-10  7.128631018815668e-12  4.033862973113878e-12  1.064349382542495e-10 -2.155503731221250e-12  7.087545921894089e+00  3.743968690628208e-08  7.733715516877737e-07  7.087548978292435e+00
 3.000000000000000e-01  8.995304691269854e-02  5.602737776770156e+00  3.243245168571712e-02 -1.562390841702843e-11  7.513520361435155e-10  7.386313782831166e-12 -4.353107925596135e-12 -9.418971053292740e-11  1.855641102318420e-12  6.817267493155723e+00  3.965682537909743e-08  6.701510981699244e-07  6.817270134815585e+00
 3.100000000000000e-01  9.605028011619417e-02  5.433653070974063e+00  3.208710556730118e-02 -2.652406107250815e-10  6.648807615583507e-10  5.222933197046586e-12  3.914925765883267e-12  7.848388867440943e-11 -1.602229701940276e-12  6.546957538856986e+00  4.173389633876923e-08  5.806604459479558e-07  6.546959820735507e+00
 3.200000000000000e-01  1.023474009614529e-01  5.270899573690917e+00  3.173279067531126e-02 -8.012207390606374e-11  5.801069624666866e-10  4.222622251859320e-12 -5.806588993985890e-13 -7.064716635050495e-11  1.397379694722193e-12  6.277264076841526e+00  4.357764460394264e-08  5.036995984752934e-07  6.277266049211547e+00
 3.300000000000000e-01  1.088444105342041e-01  5.114194783128343e+00  3.136972153422487e-02 -1.295552231033587e-10  5.190954888156796e-10  4.237388218086835e-12 -1.757212074446322e-12  6.124670269235726e-11 -1.227066368442381e-12  6.008820281012097e+00  4.521884378050345e-08  4.382187768214862e-07  6.008821989934068e+00
 3.400000000000000e-01  1.155413107587148e-01  4.963270798839694e+00  3.099811742295557e-02 -1.590388671451892e-10  4.590915425595199e-10  3.023470362961689e-12  8.019120159863438e-12 -5.429099663325624e-11  1.121049850696242e-12  5.742240563165069e+00  4.658118246680942e-08  3.829469399363461e-07  5.742242049705434e+00
 3.500000000000000e-01  1.224381044258342e-01  4.817873465844488e+00  3.061820219459587e-02 -7.128528323185890e-11  4.084815541371967e-10  2.335354132299017e-12  4.052073846488231e-12  4.810697046731231e-11 -9.144993156072565e-13  5.478119857683114e+00  4.769367834001059e-08  3.367515026830858e-07  5.478121158359838e+00
 3.600000000000000e-01  1.295347952062224e-01  4.677761574753198e+00  3.023020409090129e-02 -9.226967107034412e-11  3.641044687974215e-10  2.199462834084898e-12 -2.608994250586203e-12 -4.113988966622753e-11  8.263794507804111e-13  5.217030294732798e+00  4.849769030812467e-08  2.983986195914667e-07  5.217031441195687e+00
 3.700000000000000e-01  1.368313876669460e-01  4.542706113853834e+00  2.983435555394116e-02 -1.590540598533918e-10  3.240406554194664e-10  1.315725306483273e-12  1.305456414504149e-12  3.844066513061682e-11 -7.325807918333368e-13  4.959520381472953e+00  4.902324679534331e-08  2.667931360278430e-07  4.959521400968072e+00
 3.800000000000000e-01  1.443278872732366e-01  4.412489569437050e+00  2.943089303280613e-02 -2.702487192363101e-11  2.992604497542573e-10  1.241340363833388e-12  2.795722500687186e-12 -3.449627231170955e-11  6.752390098958871e-13  4.706112213257075e+00  4.922915364247160e-08  2.408252166574698e-07  4.706113128637803e+00
 3.900000000000000e-01  1.520243003930547e-01  4.286905270927467e+00  2.902005678735976e-02 -9.888038651761910e-11  2.500040174879814e-10  1.009414773989192e-12 -1.070688516931677e-12  2.953443623889258e-11 -6.048418179296720e-13  4.457300662629518e+00  4.914820861401381e-08  2.195256612047558e-07  4.457301492843994e+00
 4.000000000000000e-01  1.599206342869189e-01  4.165756777656113e+00  2.860209068729540e-02 -3.169574672168274e-11  2.385322078746199e-10  7.968070647734748e-13  3.541139311597757e-12 -2.691458460736124e-11  5.830533088442410e-13  4.213551093102391e+00  4.875574699525487e-08  2.019676301756590e-07  4.213551853419557e+00
 4.100000000000000e-01  1.680168971001630e-01  4.048857304352767e+00  2.817724200813197e-02 -7.074311622612406e-11  2.104631469102003e-10  5.367928324062632e-13  2.895097364663961e-12  2.369164200296220e-11 -4.547911129839673e-13  3.975298642860050e+00  4.808795761590545e-08  1.873623298731530e-07  3.975299345360268e+00
 4.200000000000000e-01  1.763130978407085e-01  3.936029182661207e+00  2.774576122270708e-02  1.934506721479323e-11  1.862972415223041e-10  7.727152251391090e-14 -3.349720268860633e-12 -2.028686395624732e-11  4.253729205849520e-13  3.742946417722380e+00  4.713492729457869e-08  1.749951265006544e-07  3.742947071639612e+00
 4.300000000000000e-01  1.848092463590733e-01  3.827103356185348e+00  2.730790178951112e-02 -1.557108955663189e-11  1.716682213048770e-10  2.620126338115369e-14  1.482313440102011e-12  2.002676882127367e-11 -3.708269799841256e-13  3.516864938037621e+00  4.593596547586287e-08  1.642798086454178e-07  3.516865550223463e+00
 4.400000000000000e-01  1.935053533142895e-01  3.721918906762869e+00  2.686391993666108e-02 -1.254190154509338e-11  1.529134180389136e-10  1.995070775251406e-13  1.259839943756607e-12 -1.653360097220386e-11  3.495861365536149e-13  3.297390793093995e+00  4.449341339807233e-08  1.547156406322969e-07  3.297391368396128e+00
 4.500000000000000e-01  2.024014301420625e-01  3.620322609835611e+00  2.641407444261980e-02  3.445842222671303e-11  1.407492664085019e-10 -1.142419492339286e-13 -2.701297243338803e-12  1.533716002505682e-11 -3.429714252875512e-13  3.084826304510698e+00  4.284864829617874e-08  1.459137312642689e-07  3.084826846180978e+00
 4.600000000000000e-01  2.114974890093793e-01  3.522168516945094e+00  2.595862641265420e-02 -1.942839639168525e-11  1.262495871734437e-10 -3.860245456621669e-13  5.179940173649311e-12 -1.403445532041123e-11  3.147729213989844e-13  2.879438627706151e+00  4.101332073958019e-08  1.375667667558034e-07  2.879439137756373e+00
 4.700000000000000e-01  2.207935427715492e-01  3.427317563527359e+00  2.549783905194219e-02  1.259337079062561e-11  1.179951206187191e-10 -6.795675133730583e-13  3.328858019887646e-12  1.318473352610192e-11 -2.377331664177627e-13  2.681459670955896e+00  3.902923217946608e-08  1.294575491250782e-07  2.681460150487915e+00
 4.800000000000000e-01  2.302896049163896e-01  3.335637200315747e+00  2.503197743448144e-02 -5.004693187649067e-11  1.041182071115365e-10 -6.217248937900877e-13 -5.175326515787561e-13 -1.178334299130150e-11  2.496469799483271e-13  2.491085630519498e+00  3.691418026807725e-08  1.214366756596696e-07  2.491086080020245e+00
 4.900000000000000e-01  2.399856895112102e-01  3.247001046783745e+00  2.456130826854741e-02 -2.320381387033166e-11  9.523858091053938e-11 -5.517808432387028e-13 -2.976115422887845e-12  1.019532145819957e-11 -2.284377613130139e-13  2.308477192427784e+00  3.470850984399476e-08  1.134206670527771e-07  2.308477612010281e+00
 5.000000000000000e-01  2.498818111377835e-01  3.161288565173912e+00  2.408609965798576e-02 -7.458643425106715e-11  8.922867306138116e-11 -1.047495423733835e-12  1.466874674890836e-13 -1.035268184237250e-11  2.173979687662896e-13  2.133759486188519e+00  3.243303164923717e-08  1.053751090551724e-07  2.133759875807566e+00
 5.100000000000000e-01  2.599779848306504e-01  3.078384753763669e+00  2.360662085995198e-02  4.544709747422715e-11  8.255679820323714e-11 -7.420730696594546e-13 -1.820632839553118e-12  9.591351886237045e-12 -2.082639994394878e-13  1.967022585319900e+00  3.012476612607173e-08  9.730770900162611e-08  1.967022944924265e+00
 5.200000000000000e-01  2.702742260043878e-01  2.998179858115460e+00  2.312314203849369e-02 -3.376785656650227e-11  7.044809006984121e-11 -9.862111127745266e-13  1.243746261495560e-12 -8.555018781994746e-12  1.833485526833161e-13  1.808321861677088e+00  2.780471070051860e-08  8.925570221807178e-08  1.808322191343555e+00
 5.300000000000000e-01  2.807705503848982e-01  2.920569099147878e+00  2.263593401447643e-02 -5.212841963642134e-11  6.579691652630615e-11 -9.274803147718558e-13 -1.309624196462066e-12  6.508094751516241e-12 -1.633309532504461e-13  1.657678790141520e+00  2.550493533037823e-08  8.127748321595796e-08  1.657679090148409e+00
 5.400000000000000e-01  2.914669739307610e-01  2.845452416946671e+00  2.214526801134171e-02 -1.952077388622797e-12  6.032460902333225e-11 -1.127986593019159e-12  1.131725417186652e-12 -6.011687228669540e-12  1.477968516988446e-13  1.515081681473957e+00  2.324430878331007e-08  7.344367523864914e-08  1.515081952363185e+00
 5.500000000000000e-01  3.023635127594319e-01  2.772734229310459e+00  2.165141539710557e-02 -5.491725824091631e-11  5.818901176873892e-11 -6.963318810448982e-13 -2.981720483682187e-12  5.468339023463536e-12 -1.568661769472900e-13  1.380486786602167e+00  2.104877264152982e-08  6.582962400192294e-08  1.380487029191027e+00
 5.600000000000001e-01  3.134601830646972e-01  2.702323204096206e+00  2.115464742216522e-02 -7.533370455226063e-11  5.071311339616136e-11 -1.271371896649498e-12 -1.781526520985444e-12 -5.796587707133442e-12  1.178065862332672e-13  1.253819380788870e+00  1.893338744118900e-08  5.850971787624282e-08  1.253819596177049e+00
 5.700000000000000e-01  3.247570010399194e-01  2.634132044494319e+00  2.065523495324623e-02  1.413973105268695e-12  4.617265185642705e-11 -1.145195049900849e-12  1.446165984636451e-12  4.680338172709137e-12 -1.035867761585969e-13  1.134975153155142e+00  1.691732701147863e-08  5.155190854755354e-08  1.134975342694844e+00
 5.800000000000000e-01  3.362539827938134e-01  2.568077286423253e+00  2.015344820312535e-02  2.687848901783418e-11  4.338879673300780e-11 -8.432143872028064e-13  1.894682667658921e-12 -5.091460363132059e-12  1.121320098580108e-13  1.023821609361776e+00  1.501087684707691e-08  4.501484299201941e-08  1.023821774629369e+00
 5.900000000000000e-01  3.479511442730359e-01  2.504079107288981e+00  1.964955645639923e-02 -9.121018523794433e-11  4.140965261661966e-11 -9.456879723757083e-13  1.182026190447565e-12  4.616313162642133e-12 -9.673951575776819e-14  9.201997225460693e-01  1.322637774303637e-08  3.894474660121050e-08  9.201998652903329e-01
 6.000000000000000e-01  3.598485011786385e-01  2.442061145406075e+00  1.914382779099259e-02  1.374588637359508e-11  3.705169504542027e-11 -5.019318294330333e-13 -3.276259455385649e-13 -4.420253953162142e-12  9.647719058315334e-14  8.239256154725466e-01  1.156904635979394e-08  3.337481099471851e-08  8.239257375696514e-01
 6.100000000000000e-01  3.719460688904154e-01  2.381950329424708e+00  1.863652879562563e-02 -5.181931966857789e-11  3.433171325353812e-11 -1.137923089089554e-12  1.057143286787919e-12  3.491764968608217e-12 -7.609827894235952e-14  7.347924401061563e-01  1.004486133160398e-08  2.832420258058743e-08  7.347925435027929e-01
 6.200000000000000e-01  3.842438623864651e-01  2.323676717151995e+00  1.812792428298523e-02  4.220701912971414e-11  3.193725232192302e-11 -1.760258605543186e-13 -1.408880813587361e-12 -3.794064020666865e-12  6.389588645486784e-14  6.525722937415022e-01  8.654261349216874e-09  2.379905084115563e-08  6.525723804082719e-01
 6.300000000000000e-01  3.967418961717523e-01  2.267173343196950e+00  1.761827699877865e-02 -1.074511694898472e-10  2.774001427868766e-11 -8.731348977164544e-13  8.963880324290516e-13  3.099391162128361e-12 -6.519939440001773e-14  5.770182858449318e-01  7.397758482186045e-09  1.979303661768517e-08  5.770183577264806e-01
 6.400000000000000e-01  4.094401842032323e-01  2.212376074906249e+00  1.710784732645956e-02  2.081507535778293e-11  2.737970961064207e-11 -3.461120279268926e-13 -1.328589118726633e-12 -2.816663382221623e-12  6.830029674391574e-14  5.078666363233425e-01  6.271754140335650e-09  1.628930013965191e-08  5.078666953003066e-01
 6.500000000000000e-01  4.223387398250610e-01  2.159223476093161e+00  1.659689298777198e-02 -3.239897933271507e-11  2.459632671147904e-11 -6.882272529651345e-13 -1.032066657665195e-12  2.804091351415209e-12 -6.620556251321745e-14  4.448388803302661e-01  5.272475234185947e-09  1.326194679421300e-08  4.448389281833129e-01
 6.600000000000000e-01  4.354375757016786e-01  2.107656678094674e+00  1.608566873894138e-02 -6.142586439494835e-13  2.243285245062676e-11 -5.409006575973763e-13  1.824473755393617e-13 -1.950335987097504e-12  5.604205223996175e-14  3.876440907493865e-01  4.393301836908003e-09  1.067826266559074e-08  3.876441291347884e-01
 6.700000000000000e-01  4.487367037620129e-01  2.057619257722172e+00  1.557442606263291e-02 -4.043650830842793e-11  2.115645506006736e-11 -4.475864123776319e-13 -1.716871772619569e-12  1.785237917970689e-12 -7.927579821036323e-14  3.359811645754421e-01  3.627486462251528e-09  8.500527043549255e-09  3.359811950051819e-01
 6.800000000000000e-01  4.622361351427828e-01  2.009057121699195e+00  1.506341285554020e-02 -3.472956297545515e-11  1.839909127832051e-11 -4.896083538596940e-13 -4.086058966367909e-13 -2.286033575781788e-12  4.655691844812290e-14  2.895411062535599e-01  2.966514272076393e-09  6.688060803956841e-09  2.895411300852707e-01
 6.899999999999999e-01  4.759358801438823e-01  1.961918397206019e+00  1.455287311170450e-02  2.049290598327147e-11  1.750837669289851e-11 -3.643196855307451e-13 -2.084972973426681e-13  2.218598309035946e-12 -4.843006899998202e-14  2.480093332360443e-01  2.401947871502608e-09  5.198879405102219e-09  2.480093516677197e-01
 7.000000000000000e-01  4.898359481839691e-01  1.916153328175163e+00  1.404304660145769e-02 -1.137589675237471e-11  1.753253184993975e-11 -5.397904345727511e-13  7.701330118812272e-13 -1.789901571030689e-12  5.697816658550993e-14  2.110679524064621e-01  1.924464583351326e-09  3.991277241870150e-09  2.110679664784626e-01
 7.100000000000000e-01  5.039363477689692e-01  1.871714177004605e+00  1.353416854607291e-02  2.289759354345833e-11  1.547566068349493e-11 -3.828604100419852e-13 -1.602975142168397e-13  1.901417135144771e-12 -4.862738091408005e-14  1.783980177702310e-01  1.525073613835998e-09  3.025046524472025e-09  1.783980283709529e-01
 7.200000000000000e-01  5.182370864617437e-01  1.828555131376558e+00  1.302646928804221e-02 -2.437545131017682e-11  1.375769376893432e-11 -5.060951657753776e-13 -2.311254905706245e-13 -1.947338843128440e-12  4.143917180575477e-14  1.496817291427392e-01  1.194574082881428e-09  2.262476262327590e-09  1.496817370188197e-01
 7.300000000000000e-01  5.327381708653495e-01  1.786632215889380e+00  1.252017395705245e-02 -1.582778179354261e-11  1.309126244908310e-11 -1.607602939657227e-13  5.567755238157111e-13  1.641260837390646e-12 -3.808625754576700e-14  1.246045720620373e-01  9.243248831267148e-10  1.669044277135059e-09  1.246045778305587e-01
 7.400000000000000e-01  5.474396066082381e-01  1.745903208228409e+00  1.201550213160069e-02 -4.095491307198884e-13  1.324493639764945e-11 -5.059008767460682e-13 -4.802190777986519e-13 -1.756633358688382e-12  4.120812914087070e-14  1.028573666242243e-01  7.059457126940699e-10  1.213856166948878e-09  1.028573707869729e-01
 7.500000000000000e-01  5.623413983435345e-01  1.706327559618660e+00  1.151266749631016e-02  9.741206105640110e-12  9.945983273085268e-12 -2.308986335464169e-13 -5.909642117996541e-13  1.885481928508693e-12 -3.835348385890776e-14  8.413821896192915e-02  5.317727955027329e-10  8.698575872188169e-10  8.413822192004712e-02
 7.600000000000000e-01  5.774435497508225e-01  1.667866319318180e+00  1.101187749490589e-02 -4.181235045697118e-11  1.014818220776426e-11 -5.533629110487936e-13 -4.302289620780499e-13 -1.739254050002383e-12  3.178661638138910e-14  6.815434901395742e-02  3.946865412621237e-10  6.138351222174758e-10  6.815435108277072e-02
 7.700000000000000e-01  5.927460635522770e-01  1.630482062925700e+00  1.051333297890273e-02  2.303571049189213e-11  8.746241578205805e-12 -6.009082120783660e-14 -2.238442433522000e-13  1.668698356843711e-12 -3.172220739885518e-14  5.462378470057629e-02  2.883518718937994e-10  4.262775047769556e-10  5.462378612362676e-02
 7.800000000000000e-01  6.082489415316424e-01  1.594138824290110e+00  1.001722785197893e-02  1.020641383908671e-11  9.320261142725661e-12 -2.672029264516596e-13 -6.292666907734699e-13 -1.987607556998892e-12  2.230637606688684e-14  4.327690095680667e-02  2.071031501675591e-10  2.911007273989977e-10  4.327690191889929e-02
 7.900000000000000e-01  6.239521845675896e-01  1.558802030822144e+00  9.523748710080233e-03  4.716121590475630e-12  9.496754511256755e-12 -4.030664690901631e-13 -5.663962277586309e-13  1.776504905078267e-12 -2.891365714484517e-14  3.385779248456344e-02  1.460423171826576e-10  1.953132587845068e-10  3.385779312337608e-02
 8.000000000000000e-01  6.398557926700120e-01  1.524438442020797e+00  9.033074477238391e-03 -9.859994765104574e-14  8.272055349728413e-12 -1.851296893562449e-13 -1.001668973460672e-12 -1.532694169284121e-12  1.472980191831704e-14  2.612546301577852e-02  1.009454049483941e-10  1.286213193379482e-10  2.612546343198572e-02
 8.100000000000001e-01  6.559597650304839e-01  1.491016091038239e+00  8.545376037141445e-03 -1.023244770165244e-11  6.607928180329958e-12 -1.021266404777066e-13 -4.663134391442183e-13  1.560788880030496e-12 -2.843944293225509e-14  1.985482067129064e-02  6.827281439031416e-11  8.303454669992497e-11  1.985482093709955e-02
 8.200000000000000e-01  6.722641000755100e-01  1.458504229117526e+00  8.060815860447011e-03  1.230739468671693e-12  6.357962333697342e-12 -2.131905763036457e-13  6.798527460118569e-13 -1.265828706629709e-12  2.160578316027197e-14  1.483746661899438e-02  4.508314483178937e-11  5.247030244239512e-11  1.483746678518353e-02
 8.300000000000000e-01  6.887687955334786e-01  1.426873272747289e+00  7.579547627868102e-03 -1.746497564625304e-11  6.347654606803088e-12 -1.616068390219993e-13  1.603942680223123e-14  1.391376501266769e-12 -2.059769191671123e-14  1.088226907333127e-02  2.899558004587416e-11  3.239438331839074e-11  1.088226917488932e-02
 8.400000000000000e-01  7.054738485040141e-01  1.396094753386770e+00  7.101715849026831e-03 -2.907350749037363e-11  6.412164636065976e-12 -2.902816875760550e-13  5.665220285886241e-13 -1.205170658412089e-12  2.139152945943321e-14  7.815714744677731e-03  1.810898062702530e-11  1.949384903478723e-11  7.815714805214072e-03
 8.500000000000000e-01  7.223792555403574e-01  1.366141269623215e+00  6.627455477097469e-03  1.626803726451076e-11  5.771959733086307e-12  2.917110997202599e-14 -1.586893897079263e-14  9.812624728376108e-13 -1.592563874195044e-14  5.482033833307361e-03  1.094449683807538e-11  1.139985626682799e-11  5.482033868410756e-03
 8.600000000000000e-01  7.394850127335418e-01  1.336986441631700e+00  6.156891519235166e-03 -1.907902525202787e-11  4.658647599631305e-12 -1.100924906793921e-13  1.355911322933065e-13 -1.173809496553003e-12  2.063741123231343e-14  3.743096409885184e-03  6.373236441766178e-12  6.453563933792907e-12  3.743096429618054e-03
 8.700000000000000e-01  7.567911158087343e-01  1.308604867815013e+00  5.690138642803553e-03 -2.845983691768250e-11  4.182496146296066e-12 -1.074626498898112e-13 -4.291686394192355e-13  6.552382789024326e-13 -1.636711694716388e-14  2.478081866940646e-03  3.557495129812808e-12  3.519330863940227e-12  2.478081877644363e-03
 8.800000000000000e-01  7.742975602226021e-01  1.280972083508312e+00  5.227300777395824e-03 -4.074483805904805e-12  4.481174979698022e-12 -1.127500870445886e-13  5.400583976216200e-13 -9.014719335343114e-13  1.329129996832309e-14  1.582926114879844e-03  1.891064139641555e-12  1.836977206124953e-12  1.582926120448302e-03
 8.900000000000000e-01  7.920043412718667e-01  1.254064521639880e+00  4.768470712653921e-03  1.109669170787364e-11  2.950000595365598e-12  7.367023657778304e-14 -2.600604606064929e-13  1.465465822946182e-12 -1.287262912591134e-14  9.695553406845500e-04  9.495343691062226e-13  9.102148873011665e-13  9.695553434407243e-04
 9.000000000000000e-01  8.099114542020058e-01  1.227859475245561e+00  4.313729691876808e-03 -2.106591181876005e-11  3.763204591694658e-12 -1.046315811770171e-13 -4.897829122127939e-13 -2.286851303171427e-12  1.170171021115070e-14  5.649191554409064e-04  4.456018001002923e-13  4.235083998149761e-13  5.649191567251136e-04
 9.100000000000000e-01  8.280188943261244e-01  1.202335061740228e+00  3.863147001413687e-03 -2.425750702736429e-11  4.928866017585298e-12 -3.605102327775001e-14  1.306674072278636e-13  4.556299040516118e-12 -1.703335610792123e-14  3.098406831826426e-04  1.927486012684217e-13  1.823933263649618e-13  3.098406837380071e-04
 9.200000000000000e-01  8.463266571431131e-01  1.177470188855157e+00  3.416779555828158e-03  1.625060784722632e-11  3.441695767356784e-12 -1.084826672936856e-13 -1.583490734408679e-12 -3.919835950246376e-12  1.101894350423971e-14  1.577060849524165e-04  7.540821941007111e-14  7.129831157008152e-14  1.577060851710980e-04
 9.300000000000000e-01  8.648347384650077e-01  1.153244522155269e+00  2.974671478820687e-03 -2.505804016974394e-11  3.447249864035884e-12 -4.749672877224498e-14 -1.345332216091529e-13 -1.716136747552045e-10  1.867557438967547e-13  7.302150075841159e-05  2.598612106242738e-14  2.461493808899365e-14  7.302150083475900e-05
 9.399999999999999e-01  8.835431345428907e-01  1.129638454055045e+00  2.536853679889672e-03  9.176661383905604e-12  3.883115888298622e-13 -1.089649204200072e-13  3.945233033102176e-13 -2.173623640133989e-09  2.053223671600062e-12  2.987126554853717e-05  7.586826836839122e-15  7.211532644558054e-15  2.987126557128262e-05
 9.500000000000000e-01  9.024518422013031e-01  1.106633074256401e+00  2.103343426710657e-03 -1.242695312972386e-11  2.625110063136579e-12  5.372438605100172e-15 -1.641474285696722e-11  2.086477419932400e-09 -1.457319126574147e-12  1.031763469853593e-05  1.766890770585831e-15  1.685913472672543e-15  1.031763470399262e-05
 9.600000000000000e-01  9.215608589711087e-01  1.084210141536105e+00  1.674143913208322e-03 -9.954536110343137e-12  5.657915813379183e-12 -2.026157019940911e-15  2.260456368213131e-11 -4.696333770729571e-09  1.998974552153614e-12  2.789107388508229e-06  2.966672104119067e-16  2.837767571964087e-16  2.789107389467545e-06
 9.700000000000000e-01  9.408701832295421e-01  1.062352056814256e+00  1.249243823294044e-03  7.681808937868781e-12 -7.668999258607454e-12 -5.437490735449302e-14 -1.393304092940131e-10  1.557154250308828e-08 -3.307916051693013e-12  5.118113545687230e-07  2.971198559603321e-17  2.837497618081512e-17  5.118113546730970e-07
 9.800000000000000e-01  9.603798143384451e-01  1.041041837439111e+00  8.286168902385408e-04 -1.777294899115876e-10 -2.370616691230870e-11  4.092949937306578e-14  2.531694938931757e-10 -8.520945019170400e-08  7.544740205202830e-13  4.632038478158554e-08  1.159202034799996e-18  1.093701497878347e-18  4.632038478652257e-08
 9.900000000000000e-01  9.800897528031848e-01  1.020263092627085e+00  4.122214516475758e-04  1.943904456290670e-09  2.220142074197719e-10 -3.679888262598380e-12 -1.095733546875199e-10  1.015363689427417e-06  8.683174397218606e-11  7.459941781537300e-10  4.534903028456739e-21  4.053846285857312e-21  7.459941781908960e-10
 1.000000000000000e+00  1.000000000000000e+00  1.000000000000000e+00  0.000000000000000e+00 -0.000000000000000e+00 -0.000000000000000e+00 -0.000000000000000e+00  0.000000000000000e+00  0.000000000000000e+00  0.000000000000000e+00  0.000000000000000e+00  0.000000000000000e+00  0.000000000000000e+00  0.000000000000000e+00
